10000886688  ¹þ¹þ
10001139003
10003469259
10005120318
10011144840
10011180620
10011242013
10011254935
10011324602
10011329131
10011342328
10011385513
10011392469
10011421626
10011444958
10011488179
10011488219
10011504251
10011507644
10011510333
10011521718
10011538835
10011539963
10011541535
10011541985
10011548439
10011553101
10011579711
10011697670
10011759249
10011797770
10011823849
10011838542
10011838928
10011839301
10011839562
10011839885
10011839932
10011840690
10011840691
10011840697
10011840698
10011843373
10011844990
10011846021
10011846769
10011847199
10011847220
10011847325
10011847355
10011847921
10011848642
10011849705
10011849706
10011849707
10011849845
10011849891
10011849895
10011851143
10011851420
10011851430
10011851807
10011852750
10011852852
10011852880
10011853013
10011854354
10011855147
10011855751
10011855767
10011855838
10011856074
10011856659
10011856660
10011856674
10011857343
10011858332
10011858930
10011859378
10011861024
10011861249
10011861636
10011863467
10011871661
10011872909
10011872916
10011878610
10011879413
10011882078
10011883111
10011884767
10011885340
10011886007
10011887304
10011890834
10011891464
10011891577
10011896068
10011900982
10011901350
10011904291
10011904837
10011906440
10011911950
10011913786
10011916434
10011931760
10011931831
10011933403
10011937156
10011942714
10011944083
10011948731
10011950493
10011950699
10011951964
10011951968
10011955173
10011960389
10011976888
10012005885
10012013403
10012014319
10012015203
10012019199
10012019263
10012019406
10012019478
10012019496
10012020104
10012020360
10012020453
10012021182
10012022159
10012022801
10012026697
10012026851
10012027634
10012028444
10012029237
10012032545
10012033484
10012033732
10012033954
10012034854
10012039392
10012039793
10012039798
10012040104
10012041139
10012043646
10012045613
10012046804
10012070336
10012074500
10012080534
10012110300
10012115328
10012127090
10012156686
10012171637
